$ANSIBLE_VAULT;1.1;AES256
34373239663838386135643135636430393035383763303461373633633766363164353162626432
3766393164326439663161626435376633613534316465340a346636653665303538343731313435
65393831316366316463643864346639636164616333366232323665613039313664393261633266
6265626366343363390a663838366138366633303136343565363131616531353866336437323565
39613363633637613739643934373564616239396237336231613564383038643063353461623639
62656334396139313938313336393939383132646363663138303465306236336163373139643435
34366662626335373630356531623934396530646466343864613339313935663839613566646261
66356565343533663061396432336236623133633130353334396537616462353537326162626565
61303337633539646564633833383735396639373230333965343432373633613635383830623735
32613739346561363536346637383936393733353331323863323966353465633230336530653739
65376164653661393438626466346161386461643835613532633932643234336639313566326531
32373735643563343038333933663734663634386638306534323863346562316435386631353931
62366233323631373435373731356162666238343034313834636231346436663030393032626239
38316161613366393835636134373761643633646363336337376438336133623963366364366232
37356530646465653361646466333164613839383634316531373661333263326363396333373065
31346235303231353233303461633430303061613839363366633038346235653939393636353438
66343366613531336631653963393337666337313631613264636564613836616638623136613139
30353435633330343162306635353162333964666439613362306531376166313933306538376335
63633937333639303362303535333063613863343536396566626635336431336364383434623866
34623865393434626264306231636631363566366162663239363831323964376535343561643131
31303364663965393438333031313235383434643835616530323665323962653936663864366636
36623430333166666564303661343362616165643137353435666432346137363638386438613566
63643034313365346538353936313261336562356566663238303764393638373833303030306332
30343632323633353935323638363261643063656366633532353437653661613264373964303163
30623964353833333562306438653034323462613866663037326638643365366239663432626537
38356463623032316465336438323337343862646231653738353936616533303361356165336638
35333934313561613431636234653738316465366665373365663365633763646162663633633935
32636262626431386132653537333262383364316338336236343932626238316332373165306139
39313233363266646136356235366531336461653635336136623036313830386337323464613963
30333862356430356133353239313962333866356537303266643132663664373065373336653363
63626235353933346665306465353835393339373933623334346463336431613165363339303062
33393366313663666238376632666164363966323030373739396236626562376237616633643334
38353465363534326263336438643934303564376563313362633363623439323037626461376136
33383934633563643233386133333361303734353138373163653135613565303362383565366535
36313161613233383966343164376363383237356531623334323035663636663638626433336131
31633237313037303637303938373765626362306464393132626136333365646563306532376564
33373565353339663336336436313464623964666465313466346463386534343265613962303138
63386236373030363632323335386130653164353333363733386563646332356535343065633264
38346336363139366138346335626662323530633636653063306231646539646461313161346635
38366232366538313631336531353730616665333231326237303464643839353633623362343334
30326366383065343832663837343966653330363933386634376335363433313337633139313837
38383936343231303136303032383462656637643161306163363339303530346434303936613834
66346630336134393335323161323161356631316164336136616663373264373037633235646262
66306665636632303431353235383131363539343966356563346131373337653463643432353430
33316135326364316465663833656338643062616638613434666263333862663262326362646436
32646164333433663334376466636466376538653039393138393635383136633061613237383066
66306239373162336565303437303637386130313930366366366438363664303835613938396134
39653632613164636636666461363665386530386337386631313237363265383734666234636438
37633463326431646532323537323162646264633839653466376236363863653361323632616139
30336534343363623436636434623435303861636162353138323935383335623265316635323763
62373838316230386461313766303431663161376239326336383433346335393734636138346436
34343931343466366430356337646232303262363536303431643236386638616331353961353338
63656132653939646436636166636263393762333838356135633661396333303536613761366634
63653735396130366639373138373230306435393432363162366530393366346532653132396565
31356534303662336165653130643763643963396336306162316635623937303334636537333838
61356439396633646533643537663636363162373336343362343365323464366566633861346635
37666263646239643231373834333939306666633035373633633165333033646635633164353635
34653765316334616336613535653163346336656464656230653365636565613231663862613235
61663436363536376466373137623964373932376332626135626532396633633138343237633337
61656532633534623761303562303961633665306362343833383562366532633331333834353765
38636232653466363261383862326438383433316537333638313133336335306361366665626462
64653064313666333936323635613466343132326465646335623866363261336435373665313233
38333263333032336539633764363734616638663535643431363030666364663430396261353837
38343966343464323538626165353434646335623131383134326434303536663436646139323933
64636334313036616330396462643966636266613066646338623561633735313563326364356463
62616266633661326436353937346633346532373865386263373132353331653130313961376166
65346134393664373861643161653133383531613364663534633635373130646565633331373839
37326630356230333638613939623866646435333533656134353034303439326439356362306534
66633935636663333737613631323735323062653036336435306538303030306265316334666339
63393438666361366565376233386566636261316263313363373939653730663937646362656164
31366661376465616261366265303139326133346635373631386534333464343665323762383735
38303937343938653262303062336535363538393064363034313236353635623034616137653130
31383930343465316164363635616531616133643831303761303762373266363830316230336361
33333266613436333433346166323036626533636539333835326265623039303232333736386639
38666333313630306234623334623538643263356639356632656232663838323231666233323132
30666363613361646564313434613263643065313836636262303634623663616234353831653862
32623233393738626438623234653863666265636139653164363263353961373938316366316261
36316362666461393734343437633033656232366563303866663365366163623639333663376532
34333063313438346335363536363765333130356661303037326330343534303563373361633831
34663731376234633762363136323435383231386335653733323132393032663862393437353061
64666336663438616530336434643663666161303866653234353338356133323733393665326165
66653839613737386464643363383831366565313439353863323164336465383936356362393238
32373936663537346663343766376331323336353462346238313233653336316634643137613066
64623763316562646332336535383136626336316566396237383230393030313966623730343630
33376236316366313033326436393833666135616331646336623634343836343536303966353636
36333663383366373332396337653963383039306332333230666634383463626365616633383963
61623133633737356534316165313235616161356466323838613363353363653733346632383631
65643135343930646237306633616231613932396638303032643162353364333533656134343930
66343737663264626430313365376231613861303564336566633633626461656437656134616431
61353632333735643938396264653465373965666331623235623265373565376136623531383266
62626130623262363962613238353338643933656130336238313963353833393431663739666134
39613765636266316436303062643139633735323230396534343562353461653238323064383535
63333765626165333932366537383534666235633464393637386364663964616538653233333861
65326637353733316237366330303065633766653966303433323738393264306534346437666632
32333062663464616561633761633464383663353933643739353835636566663461626434613937
37613263393461653863623131333336326166613565366635356233353730306132343237626530
61313765333833323261623761626438386132613161656162366334396134636331643033366366
33343762346434643266633963323931373833393133653763653030626330336162343530633264
66613239336339323334623538363864356439386536373331303033333637363632346261383465
66616664646164336435373432636366333766646336636235643661363638643938346134656330
36333762613838333364373464623464383637336466343366313062306261656664323462383730
38306162383935663734346337393832623364613933616238313265343932353430656166373731
37333339363365626335623065316638643434653161333739386261343261356662343732663534
66383738303931373338643136666134393535663733333134326634633863303839643366396665
61616361333062303237613763613066643036393364323830363331393939376539396466343238
37396332303065356433643235613962326238633161626661316564373863326364333330373564
66306262626638316631396462346633663739646139663430613934343034393235346539616433
33663236316463653035326665343465386138343031303264616139353730653265653439653462
35313764393336306338306235303038383362326363643931313930353131383831323539666434
33623737373830653639663162316532653833633239613037346236323964383364653038636265
39323936633937653363646461326361333231353637643061393763666565353462623138313265
37313461316561376636336137316237396563346134363061616230333530623462663431666336
65313166326537356138643431306238393430663031333933376433333232353032623532323565
33353537393861376662346639303266646233306661303061646338393838323433386334613738
66643037623337333239383432623732636436653439633838373238383062623535636637373530
32353465623539323734316236636464313631353637346636666330613266393237313333363430
36306265663464613763353561373335353062343736323236616637363466633039613866393235
37643063383062323637636163663635666438333166623465633730313832656630653533616662
62373666363062623335373130383564393134663438633434333935303038623363613866663766
34356339376130656637653737623162333337383161653438366230653137333835396363663965
64356662653665653133356166616163396464393239636365623664326563663835323835343738
30313862626134396662326362373733623163653862386637333265333233336561373066346161
66343237316337343438626333363064313066393461396533306461386562356663643962303035
63303832386134643538663835663130663839623638663936313764363030376562376161363631
36643331653736383932303734363438353538656165366264333534353464326635633932663035
65316430353063383039613362363664616431363165636161386536373966643431366165643435
36643263356333633331626337353932616535326634616364346562656232396662366635343930
66323561663064313336396365383334363134363636633462383934353431393135653838323038
35643365333262376439343765343332366131653034316534373063623632646337353163626235
38656539666435636530313038386332383165313964393534343338323539366238666134356664
66393664323939653730653233646433373765663666343865356264356365626130373062313138
30633831393839616130643237363264643333646230363637353039656264333038316437376539
34396437366230383064623533663762333037363363376138623037356333323037373638333466
63356662363366353131646263393630366531343031336138366639636563343433386235613465
353266376634353465396562613031346432
